2 0
0 0
2 1
0 1
2 2
2 3
2 4
1 1 
2 5
2 8
2 9
2 10
2 6 
2 7
2 3
2 4
1 2 
2 5
2 8
2 9
2 10
2 6 
2 7
2 3
2 4
1 3 
2 5
2 8
2 9
2 10
2 6 
2 7
2 3
2 4
1 4 
2 5
2 8
2 9
2 10
2 6 
2 7
2 3
2 4
1 5 
2 5
2 8
2 9
2 10
2 6 
2 7
2 3
2 4
1 6 
2 5
2 8
2 9
2 10
2 6 
2 7
2 3
2 4
1 7 
2 5
2 8
2 9
2 10
2 6 
2 7
2 3
2 4
1 8 
2 5
2 8
2 9
2 10
2 6 
2 7
2 3
2 4
1 9 
2 5
2 8
2 9
2 10
2 6 
2 7
2 3
2 4
1 10 
2 5
2 8
2 9
2 10
2 6 
2 7
2 3
2 4
1 11 
2 5
2 8
2 9
2 10
2 6 
2 7
2 3
2 4
1 12 
2 5
2 8
2 9
2 10
2 6 
2 7
2 3
2 4
1 13 
2 5
2 8
2 9
2 10
2 6 
2 7
2 3
2 4
1 14 
2 5
2 8
2 9
2 10
2 6 
2 7
2 3
2 4
1 15 
2 5
2 8
2 9
2 10
2 6 
2 7
2 3
2 4
1 16 
2 5
2 8
2 9
2 10
2 6 
2 7
2 3
2 4
1 17 
2 5
2 8
2 9
2 10
2 6 
2 7
2 3
2 4
1 18 
2 5
2 8
2 9
2 10
2 6 
2 7
2 3
2 4
1 19 
2 5
2 8
2 9
2 10
2 6 
2 7
2 3
2 4
1 20 
2 5
2 8
2 9
2 10
2 6 
2 7
2 3
2 4
1 21 
2 5
2 8
2 9
2 10
2 6 
2 7
2 3
2 4
1 22 
2 5
2 8
2 9
2 10
2 6 
2 7
2 3
2 4
1 23 
2 5
2 8
2 9
2 10
2 6 
2 7
2 3
2 4
1 24 
2 5
2 8
2 9
2 10
2 6 
2 7
2 3
2 4
1 25 
2 5
2 8
2 9
2 10
2 6 
2 7
2 3
2 4
1 26 
2 5
2 8
2 9
2 10
2 6 
2 7
2 3
2 4
1 27 
2 5
2 8
2 9
2 10
2 6 
2 7
2 3
2 4
1 28 
2 5
2 8
2 9
2 10
2 6 
2 7
2 3
2 4
1 29 
2 5
2 8
2 9
2 10
2 6 
2 7
2 11
