2 0
0 0
2 1
0 1
2 2
2 3
2 4
1 1 
2 5
2 8
2 9
2 10
2 6 
2 7
2 3
2 4
1 2 
2 5
2 8
2 9
2 10
2 6 
2 7
2 3
2 4
1 3 
2 5
2 8
2 9
2 10
2 6 
2 7
2 3
2 4
1 4 
2 5
2 8
2 9
2 10
2 6 
2 7
2 3
2 4
1 5 
2 5
2 8
2 9
2 10
2 6 
2 7
2 3
2 4
1 6 
2 5
2 8
2 9
2 10
2 6 
2 7
2 3
2 4
1 7 
2 5
2 8
2 9
2 10
2 6 
2 7
2 3
2 4
1 8 
2 5
2 8
2 9
2 10
2 6 
2 7
2 3
2 4
1 9 
2 5
2 8
2 9
2 10
2 6 
2 7
2 3
2 4
1 10 
2 5
2 8
2 9
2 10
2 6 
2 7
2 3
2 4
1 11 
2 5
2 8
2 9
2 10
2 6 
2 7
2 3
2 4
1 12 
2 5
2 8
2 9
2 10
2 6 
2 7
2 3
2 4
1 13 
2 5
2 8
2 9
2 10
2 6 
2 7
2 3
2 4
1 14 
2 5
2 8
2 9
2 10
2 6 
2 7
2 3
2 4
1 15 
2 5
2 8
2 9
2 10
2 6 
2 7
2 3
2 4
1 16 
2 5
2 8
2 9
2 10
2 6 
2 7
2 3
2 4
1 17 
2 5
2 8
2 9
2 10
2 6 
2 7
2 3
2 4
1 18 
2 5
2 8
2 9
2 10
2 6 
2 7
2 3
2 4
1 19 
2 5
2 8
2 9
2 10
2 6 
2 7
2 3
2 4
1 20 
2 5
2 8
2 9
2 10
2 6 
2 7
2 3
2 4
1 21 
2 5
2 8
2 9
2 10
2 6 
2 7
2 3
2 4
1 22 
2 5
2 8
2 9
2 10
2 6 
2 7
2 3
2 4
1 23 
2 5
2 8
2 9
2 10
2 6 
2 7
2 3
2 4
1 24 
2 5
2 8
2 9
2 10
2 6 
2 7
2 3
2 4
1 25 
2 5
2 8
2 9
2 10
2 6 
2 7
2 3
2 4
1 26 
2 5
2 8
2 9
2 10
2 6 
2 7
2 3
2 4
1 27 
2 5
2 8
2 9
2 10
2 6 
2 7
2 3
2 4
1 28 
2 5
2 8
2 9
2 10
2 6 
2 7
2 3
2 4
1 29 
2 5
2 8
2 9
2 10
2 6 
2 7
2 3
2 4
1 30 
2 5
2 8
2 9
2 10
2 6 
2 7
2 3
2 4
1 31 
2 5
2 8
2 9
2 10
2 6 
2 7
2 3
2 4
1 32 
2 5
2 8
2 9
2 10
2 6 
2 7
2 3
2 4
1 33 
2 5
2 8
2 9
2 10
2 6 
2 7
2 3
2 4
1 34 
2 5
2 8
2 9
2 10
2 6 
2 7
2 3
2 4
1 35 
2 5
2 8
2 9
2 10
2 6 
2 7
2 3
2 4
1 36 
2 5
2 8
2 9
2 10
2 6 
2 7
2 3
2 4
1 37 
2 5
2 8
2 9
2 10
2 6 
2 7
2 3
2 4
1 38 
2 5
2 8
2 9
2 10
2 6 
2 7
2 3
2 4
1 39 
2 5
2 8
2 9
2 10
2 6 
2 7
2 3
2 4
1 40 
2 5
2 8
2 9
2 10
2 6 
2 7
2 3
2 4
1 41 
2 5
2 8
2 9
2 10
2 6 
2 7
2 3
2 4
1 42 
2 5
2 8
2 9
2 10
2 6 
2 7
2 3
2 4
1 43 
2 5
2 8
2 9
2 10
2 6 
2 7
2 3
2 4
1 44 
2 5
2 8
2 9
2 10
2 6 
2 7
2 3
2 4
1 45 
2 5
2 8
2 9
2 10
2 6 
2 7
2 3
2 4
1 46 
2 5
2 8
2 9
2 10
2 6 
2 7
2 3
2 4
1 47 
2 5
2 8
2 9
2 10
2 6 
2 7
2 3
2 4
1 48 
2 5
2 8
2 9
2 10
2 6 
2 7
2 3
2 4
1 49 
2 5
2 8
2 9
2 10
2 6 
2 7
2 3
2 4
1 50 
2 5
2 8
2 9
2 10
2 6 
2 7
2 3
2 4
1 51 
2 5
2 8
2 9
2 10
2 6 
2 7
2 3
2 4
1 52 
2 5
2 8
2 9
2 10
2 6 
2 7
2 3
2 4
1 53 
2 5
2 8
2 9
2 10
2 6 
2 7
2 3
2 4
1 54 
2 5
2 8
2 9
2 10
2 6 
2 7
2 3
2 4
1 55 
2 5
2 8
2 9
2 10
2 6 
2 7
2 3
2 4
1 56 
2 5
2 8
2 9
2 10
2 6 
2 7
2 3
2 4
1 57 
2 5
2 8
2 9
2 10
2 6 
2 7
2 3
2 4
1 58 
2 5
2 8
2 9
2 10
2 6 
2 7
2 3
2 4
1 59 
2 5
2 8
2 9
2 10
2 6 
2 7
2 3
2 4
1 60 
2 5
2 8
2 9
2 10
2 6 
2 7
2 3
2 4
1 61 
2 5
2 8
2 9
2 10
2 6 
2 7
2 3
2 4
1 62 
2 5
2 8
2 9
2 10
2 6 
2 7
2 3
2 4
1 63 
2 5
2 8
2 9
2 10
2 6 
2 7
2 3
2 4
1 64 
2 5
2 8
2 9
2 10
2 6 
2 7
2 3
2 4
1 65 
2 5
2 8
2 9
2 10
2 6 
2 7
2 3
2 4
1 66 
2 5
2 8
2 9
2 10
2 6 
2 7
2 3
2 4
1 67 
2 5
2 8
2 9
2 10
2 6 
2 7
2 3
2 4
1 68 
2 5
2 8
2 9
2 10
2 6 
2 7
2 3
2 4
1 69 
2 5
2 8
2 9
2 10
2 6 
2 7
2 3
2 4
1 70 
2 5
2 8
2 9
2 10
2 6 
2 7
2 3
2 4
1 71 
2 5
2 8
2 9
2 10
2 6 
2 7
2 3
2 4
1 72 
2 5
2 8
2 9
2 10
2 6 
2 7
2 3
2 4
1 73 
2 5
2 8
2 9
2 10
2 6 
2 7
2 3
2 4
1 74 
2 5
2 8
2 9
2 10
2 6 
2 7
2 3
2 4
1 75 
2 5
2 8
2 9
2 10
2 6 
2 7
2 3
2 4
1 76 
2 5
2 8
2 9
2 10
2 6 
2 7
2 3
2 4
1 77 
2 5
2 8
2 9
2 10
2 6 
2 7
2 3
2 4
1 78 
2 5
2 8
2 9
2 10
2 6 
2 7
2 3
2 4
1 79 
2 5
2 8
2 9
2 10
2 6 
2 7
2 11
