2 0
0 0
2 1
0 1
2 2
2 3
2 4
1 1 
2 5
2 8
2 9
2 10
2 6 
2 7
2 3
2 4
1 3 
2 5
2 8
2 9
2 10
2 6 
2 7
2 3
2 4
1 5 
2 5
2 8
2 9
2 10
2 6 
2 7
2 3
2 4
1 7 
2 5
2 8
2 9
2 10
2 6 
2 7
2 3
2 4
1 9 
2 5
2 8
2 9
2 10
2 6 
2 7
2 3
2 4
1 11 
2 5
2 8
2 9
2 10
2 6 
2 7
2 3
2 4
1 13 
2 5
2 8
2 9
2 10
2 6 
2 7
2 3
2 4
1 15 
2 5
2 8
2 9
2 10
2 6 
2 7
2 3
2 4
1 17 
2 5
2 8
2 9
2 10
2 6 
2 7
2 3
2 4
1 19 
2 5
2 8
2 9
2 10
2 6 
2 7
2 3
2 4
1 21 
2 5
2 8
2 9
2 10
2 6 
2 7
2 3
2 4
1 23 
2 5
2 8
2 9
2 10
2 6 
2 7
2 3
2 4
1 25 
2 5
2 8
2 9
2 10
2 6 
2 7
2 3
2 4
1 27 
2 5
2 8
2 9
2 10
2 6 
2 7
2 3
2 4
1 29 
2 5
2 8
2 9
2 10
2 6 
2 7
2 3
2 4
1 31 
2 5
2 8
2 9
2 10
2 6 
2 7
2 3
2 4
1 33 
2 5
2 8
2 9
2 10
2 6 
2 7
2 3
2 4
1 35 
2 5
2 8
2 9
2 10
2 6 
2 7
2 3
2 4
1 37 
2 5
2 8
2 9
2 10
2 6 
2 7
2 3
2 4
1 39 
2 5
2 8
2 9
2 10
2 6 
2 7
2 3
2 4
1 41 
2 5
2 8
2 9
2 10
2 6 
2 7
2 3
2 4
1 43 
2 5
2 8
2 9
2 10
2 6 
2 7
2 3
2 4
1 45 
2 5
2 8
2 9
2 10
2 6 
2 7
2 3
2 4
1 47 
2 5
2 8
2 9
2 10
2 6 
2 7
2 3
2 4
1 49 
2 5
2 8
2 9
2 10
2 6 
2 7
2 3
2 4
1 51 
2 5
2 8
2 9
2 10
2 6 
2 7
2 3
2 4
1 53 
2 5
2 8
2 9
2 10
2 6 
2 7
2 3
2 4
1 55 
2 5
2 8
2 9
2 10
2 6 
2 7
2 3
2 4
1 57 
2 5
2 8
2 9
2 10
2 6 
2 7
2 3
2 4
1 59 
2 5
2 8
2 9
2 10
2 6 
2 7
2 11
