2 11
2 12
2 13
0 63
2 14
0 31
2 15
2 16
1 31
2 17
2 23
2 24
2 25
2 26
2 27
2 19 
2 20
2 21
2 14
0 32
2 15
2 16
1 32
2 17
2 23
2 24
2 25
2 26
2 27
2 19 
2 20
2 21
2 14
0 33
2 15
2 16
1 33
2 17
2 23
2 24
2 25
2 26
2 27
2 19 
2 20
2 21
2 14
0 34
2 15
2 16
1 34
2 17
2 23
2 24
2 25
2 26
2 27
2 19 
2 20
2 21
2 14
0 35
2 15
2 16
1 35
2 17
2 23
2 24
2 25
2 26
2 27
2 19 
2 20
2 21
2 14
0 36
2 15
2 16
1 36
2 17
2 23
2 24
2 25
2 26
2 27
2 19 
2 20
2 21
2 14
0 37
2 15
2 16
1 37
2 17
2 23
2 24
2 25
2 26
2 27
2 19 
2 20
2 21
2 14
0 38
2 15
2 16
1 38
2 17
2 23
2 24
2 25
2 26
2 27
2 19 
2 20
2 21
2 14
0 39
2 15
2 16
1 39
2 17
2 23
2 24
2 25
2 26
2 27
2 19 
2 20
2 21
2 14
0 40
2 15
2 16
1 40
2 17
2 23
2 24
2 25
2 26
2 27
2 19 
2 20
2 21
2 14
0 41
2 15
2 16
1 41
2 17
2 23
2 24
2 25
2 26
2 27
2 19 
2 20
2 21
2 14
0 42
2 15
2 16
1 42
2 17
2 23
2 24
2 25
2 26
2 27
2 19 
2 20
2 21
2 14
0 43
2 15
2 16
1 43
2 17
2 23
2 24
2 25
2 26
2 27
2 19 
2 20
2 21
2 14
0 44
2 15
2 16
1 44
2 17
2 23
2 24
2 25
2 26
2 27
2 19 
2 20
2 21
2 14
0 45
2 15
2 16
1 45
2 17
2 23
2 24
2 25
2 26
2 27
2 19 
2 20
2 21
2 14
0 46
2 15
2 16
1 46
2 17
2 23
2 24
2 25
2 26
2 27
2 19 
2 20
2 21
2 14
0 47
2 15
2 16
1 47
2 17
2 23
2 24
2 25
2 26
2 27
2 19 
2 20
2 21
2 14
0 48
2 15
2 16
1 48
2 17
2 23
2 24
2 25
2 26
2 27
2 19 
2 20
2 21
2 14
0 49
2 15
2 16
1 49
2 17
2 23
2 24
2 25
2 26
2 27
2 19 
2 20
2 21
2 14
0 50
2 15
2 16
1 50
2 17
2 23
2 24
2 25
2 26
2 27
2 19 
2 20
2 21
2 14
0 51
2 15
2 16
1 51
2 17
2 23
2 24
2 25
2 26
2 27
2 19 
2 20
2 21
2 14
0 52
2 15
2 16
1 52
2 17
2 23
2 24
2 25
2 26
2 27
2 19 
2 20
2 21
2 14
0 53
2 15
2 16
1 53
2 17
2 23
2 24
2 25
2 26
2 27
2 19 
2 20
2 21
2 14
0 54
2 15
2 16
1 54
2 17
2 23
2 24
2 25
2 26
2 27
2 19 
2 20
2 21
2 14
0 55
2 15
2 16
1 55
2 17
2 23
2 24
2 25
2 26
2 27
2 19 
2 20
2 21
2 14
0 56
2 15
2 16
1 56
2 17
2 23
2 24
2 25
2 26
2 27
2 19 
2 20
2 21
2 14
0 57
2 15
2 16
1 57
2 17
2 23
2 24
2 25
2 26
2 27
2 19 
2 20
2 21
2 14
0 58
2 15
2 16
1 58
2 17
2 23
2 24
2 25
2 26
2 27
2 19 
2 20
2 21
2 14
0 59
2 15
2 16
1 59
2 17
2 23
2 24
2 25
2 26
2 27
2 19 
2 20
2 21
2 14
0 60
2 15
2 16
1 60
2 17
2 23
2 24
2 25
2 26
2 27
2 19 
2 20
2 21
2 14
0 61
2 15
2 16
1 61
2 17
2 23
2 24
2 25
2 26
2 27
2 19 
2 20
2 21
2 14
0 62
2 15
2 16
1 62
2 17
2 23
2 24
2 25
2 26
2 27
2 19 
2 20
2 21
2 22
2 28