2 0
2 1
2 2
2 3
0 32
2 4
2 5
1 0 
2 6
2 7
2 23
2 24
2 25
2 26
2 27
2 8 
2 9
2 10
2 4
2 5
1 1 
2 6
2 7
2 23
2 24
2 25
2 26
2 27
2 8 
2 9
2 10
2 4
2 5
1 2 
2 6
2 7
2 23
2 24
2 25
2 26
2 27
2 8 
2 9
2 10
2 4
2 5
1 3 
2 6
2 7
2 23
2 24
2 25
2 26
2 27
2 8 
2 9
2 10
2 4
2 5
1 4 
2 6
2 7
2 23
2 24
2 25
2 26
2 27
2 8 
2 9
2 10
2 4
2 5
1 5 
2 6
2 7
2 23
2 24
2 25
2 26
2 27
2 8 
2 9
2 10
2 4
2 5
1 6 
2 6
2 7
2 23
2 24
2 25
2 26
2 27
2 8 
2 9
2 10
2 4
2 5
1 7 
2 6
2 7
2 23
2 24
2 25
2 26
2 27
2 8 
2 9
2 10
2 4
2 5
1 8 
2 6
2 7
2 23
2 24
2 25
2 26
2 27
2 8 
2 9
2 10
2 4
2 5
1 9 
2 6
2 7
2 23
2 24
2 25
2 26
2 27
2 8 
2 9
2 10
2 4
2 5
1 10 
2 6
2 7
2 23
2 24
2 25
2 26
2 27
2 8 
2 9
2 10
2 4
2 5
1 11 
2 6
2 7
2 23
2 24
2 25
2 26
2 27
2 8 
2 9
2 10
2 4
2 5
1 12 
2 6
2 7
2 23
2 24
2 25
2 26
2 27
2 8 
2 9
2 10
2 4
2 5
1 13 
2 6
2 7
2 23
2 24
2 25
2 26
2 27
2 8 
2 9
2 10
2 4
2 5
1 14 
2 6
2 7
2 23
2 24
2 25
2 26
2 27
2 8 
2 9
2 10
2 4
2 5
1 15 
2 6
2 7
2 23
2 24
2 25
2 26
2 27
2 8 
2 9
2 10
2 4
2 5
1 16 
2 6
2 7
2 23
2 24
2 25
2 26
2 27
2 8 
2 9
2 10
2 4
2 5
1 17 
2 6
2 7
2 23
2 24
2 25
2 26
2 27
2 8 
2 9
2 10
2 4
2 5
1 18 
2 6
2 7
2 23
2 24
2 25
2 26
2 27
2 8 
2 9
2 10
2 4
2 5
1 19 
2 6
2 7
2 23
2 24
2 25
2 26
2 27
2 8 
2 9
2 10
2 4
2 5
1 20 
2 6
2 7
2 23
2 24
2 25
2 26
2 27
2 8 
2 9
2 10
2 4
2 5
1 21 
2 6
2 7
2 23
2 24
2 25
2 26
2 27
2 8 
2 9
2 10
2 4
2 5
1 22 
2 6
2 7
2 23
2 24
2 25
2 26
2 27
2 8 
2 9
2 10
2 4
2 5
1 23 
2 6
2 7
2 23
2 24
2 25
2 26
2 27
2 8 
2 9
2 10
2 4
2 5
1 24 
2 6
2 7
2 23
2 24
2 25
2 26
2 27
2 8 
2 9
2 10
2 4
2 5
1 25 
2 6
2 7
2 23
2 24
2 25
2 26
2 27
2 8 
2 9
2 10
2 4
2 5
1 26 
2 6
2 7
2 23
2 24
2 25
2 26
2 27
2 8 
2 9
2 10
2 4
2 5
1 27 
2 6
2 7
2 23
2 24
2 25
2 26
2 27
2 8 
2 9
2 10
2 4
2 5
1 28 
2 6
2 7
2 23
2 24
2 25
2 26
2 27
2 8 
2 9
2 10
2 4
2 5
1 29 
2 6
2 7
2 23
2 24
2 25
2 26
2 27
2 8 
2 9
2 10
2 4
2 5
1 30 
2 6
2 7
2 23
2 24
2 25
2 26
2 27
2 8 
2 9
2 10
2 4
2 5
1 31 
2 6
2 7
2 23
2 24
2 25
2 26
2 27
2 8 
2 9
2 10
2 11
2 12
2 13
0 32
2 14
0 0 
2 15
2 16
1 0 
2 17
2 23
2 24
2 25
2 26
2 27
2 19 
2 20
2 21
2 14
0 1 
2 15
2 16
1 1 
2 17
2 23
2 24
2 25
2 26
2 27
2 19 
2 20
2 21
2 14
0 2 
2 15
2 16
1 2 
2 17
2 23
2 24
2 25
2 26
2 27
2 19 
2 20
2 21
2 14
0 3 
2 15
2 16
1 3 
2 17
2 23
2 24
2 25
2 26
2 27
2 19 
2 20
2 21
2 14
0 4 
2 15
2 16
1 4 
2 17
2 23
2 24
2 25
2 26
2 27
2 19 
2 20
2 21
2 14
0 5 
2 15
2 16
1 5 
2 17
2 23
2 24
2 25
2 26
2 27
2 19 
2 20
2 21
2 14
0 6 
2 15
2 16
1 6 
2 17
2 23
2 24
2 25
2 26
2 27
2 19 
2 20
2 21
2 14
0 7 
2 15
2 16
1 7 
2 17
2 23
2 24
2 25
2 26
2 27
2 19 
2 20
2 21
2 14
0 8 
2 15
2 16
1 8 
2 17
2 23
2 24
2 25
2 26
2 27
2 19 
2 20
2 21
2 14
0 9 
2 15
2 16
1 9 
2 17
2 23
2 24
2 25
2 26
2 27
2 19 
2 20
2 21
2 14
0 10 
2 15
2 16
1 10 
2 17
2 23
2 24
2 25
2 26
2 27
2 19 
2 20
2 21
2 14
0 11 
2 15
2 16
1 11 
2 17
2 23
2 24
2 25
2 26
2 27
2 19 
2 20
2 21
2 14
0 12 
2 15
2 16
1 12 
2 17
2 23
2 24
2 25
2 26
2 27
2 19 
2 20
2 21
2 14
0 13 
2 15
2 16
1 13 
2 17
2 23
2 24
2 25
2 26
2 27
2 19 
2 20
2 21
2 14
0 14 
2 15
2 16
1 14 
2 17
2 23
2 24
2 25
2 26
2 27
2 19 
2 20
2 21
2 14
0 15 
2 15
2 16
1 15 
2 17
2 23
2 24
2 25
2 26
2 27
2 19 
2 20
2 21
2 14
0 16 
2 15
2 16
1 16 
2 17
2 23
2 24
2 25
2 26
2 27
2 19 
2 20
2 21
2 14
0 17 
2 15
2 16
1 17 
2 17
2 23
2 24
2 25
2 26
2 27
2 19 
2 20
2 21
2 14
0 18 
2 15
2 16
1 18 
2 17
2 23
2 24
2 25
2 26
2 27
2 19 
2 20
2 21
2 14
0 19 
2 15
2 16
1 19 
2 17
2 23
2 24
2 25
2 26
2 27
2 19 
2 20
2 21
2 14
0 20 
2 15
2 16
1 20 
2 17
2 23
2 24
2 25
2 26
2 27
2 19 
2 20
2 21
2 14
0 21 
2 15
2 16
1 21 
2 17
2 23
2 24
2 25
2 26
2 27
2 19 
2 20
2 21
2 14
0 22 
2 15
2 16
1 22 
2 17
2 23
2 24
2 25
2 26
2 27
2 19 
2 20
2 21
2 14
0 23 
2 15
2 16
1 23 
2 17
2 23
2 24
2 25
2 26
2 27
2 19 
2 20
2 21
2 14
0 24 
2 15
2 16
1 24 
2 17
2 23
2 24
2 25
2 26
2 27
2 19 
2 20
2 21
2 14
0 25 
2 15
2 16
1 25 
2 17
2 23
2 24
2 25
2 26
2 27
2 19 
2 20
2 21
2 14
0 26 
2 15
2 16
1 26 
2 17
2 23
2 24
2 25
2 26
2 27
2 19 
2 20
2 21
2 14
0 27 
2 15
2 16
1 27 
2 17
2 23
2 24
2 25
2 26
2 27
2 19 
2 20
2 21
2 14
0 28 
2 15
2 16
1 28 
2 17
2 23
2 24
2 25
2 26
2 27
2 19 
2 20
2 21
2 14
0 29 
2 15
2 16
1 29 
2 17
2 23
2 24
2 25
2 26
2 27
2 19 
2 20
2 21
2 14
0 30 
2 15
2 16
1 30 
2 17
2 23
2 24
2 25
2 26
2 27
2 19 
2 20
2 21
2 14
0 31 
2 15
2 16
1 31 
2 17
2 23
2 24
2 25
2 26
2 27
2 19 
2 20
2 21
2 22
2 28